11 0 1
11 0 2
11 -1 2
11 -2 2
10 -2 2
10 -2 3
10 -3 3
9 -3 3
8 -3 3
8 -3 2
7 -3 2
6 -3 2
6 -3 1
6 -3 -0
5 -3 -0
4 -3 -0
4 -3 -1
4 -3 -2
4 -4 -2
4 -4 -3
4 -5 -3
4 -6 -3
4 -7 -3
5 -7 -3
5 -7 -2
5 -8 -2
5 -9 -2
5 -9 -1
5 -9 -0
5 -10 -0
4 -10 -0
3 -10 -0
3 -10 1
3 -10 2
2 -10 2
2 -10 3
2 -9 3
2 -8 3
1 -8 3
0 -8 3
0 -8 2
0 -7 2
0 -6 2
-1 -6 2
-1 -6 1
-1 -6 -0
-1 -5 -0
-2 -5 -0
-2 -5 -1
-2 -5 -2
-2 -6 -2
-3 -6 -2
-3 -6 -3
-3 -7 -3
-4 -7 -3
-5 -7 -3
-5 -7 -2
-6 -7 -2
-7 -7 -2
-7 -7 -1
-7 -7 -0
-7 -6 -0
-8 -6 -0
-9 -6 -0
-9 -6 1
-9 -6 2
-9 -5 2
-9 -5 3
-9 -4 3
-9 -3 3
-8 -3 3
-8 -3 2
-8 -2 2
-8 -1 2
-7 -1 2
-6 -1 2
-6 -1 1
-6 -1 -0
-6 0 -0
-6 0 -1
-6 0 -2
-6 1 -2
-6 1 -3
-6 2 -3
-6 3 -3
-7 3 -3
-8 3 -3
-8 3 -2
-8 4 -2
-8 5 -2
-9 5 -2
-9 5 -1
-9 5 -0
-9 6 -0
-9 6 1
-9 6 2
-9 7 2
-8 7 2
-7 7 2
-7 7 3
-6 7 3
-5 7 3
-5 7 2
-5 6 2
-4 6 2
-3 6 2
-3 6 1
-3 6 -0
-3 5 -0
-2 5 -0
-2 5 -1
-2 5 -2
-2 6 -2
-1 6 -2
-1 6 -3
-1 7 -3
-1 8 -3
0 8 -3
0 8 -2
0 9 -2
0 10 -2
1 10 -2
2 10 -2
2 10 -1
2 10 -0
3 10 -0
3 10 1
3 10 2
3 9 2
4 9 2
5 9 2
5 9 3
5 8 3
5 7 3
5 7 2
5 6 2
5 5 2
5 4 2
4 4 2
4 4 1
4 4 -0
4 3 -0
4 3 -1
4 3 -2
5 3 -2
6 3 -2
6 3 -3
7 3 -3
8 3 -3
8 3 -2
8 2 -2
9 2 -2
10 2 -2
10 2 -1
10 2 -0
10 1 -0
10 0 -0
11 0 -0

9 6 -0
8 6 -0
7 6 -0
7 7 -0
7 7 -1
7 7 -2
6 7 -2
5 7 -2
5 7 -3
4 7 -3
3 7 -3
3 6 -3
3 6 -2
2 6 -2
2 5 -2
2 5 -1
2 5 -0
1 5 -0
1 6 -0
1 6 1
1 6 2
0 6 2
0 7 2
0 8 2
0 8 3
-1 8 3
-2 8 3
-2 9 3
-2 10 3
-2 10 2
-3 10 2
-3 10 1
-3 10 -0
-4 10 -0
-5 10 -0
-5 9 -0
-5 9 -1
-5 9 -2
-5 8 -2
-5 7 -2
-5 7 -3
-4 7 -3
-4 6 -3
-4 5 -3
-4 4 -3
-4 4 -2
-4 3 -2
-4 3 -1
-4 3 -0
-5 3 -0
-6 3 -0
-6 3 1
-6 3 2
-7 3 2
-8 3 2
-8 3 3
-9 3 3
-10 3 3
-10 2 3
-10 2 2
-11 2 2
-11 1 2
-11 0 2
-11 0 1
-11 0 -0
-10 0 -0
-10 -1 -0
-10 -2 -0
-10 -2 -1
-10 -2 -2
-9 -2 -2
-8 -2 -2
-8 -3 -2
-8 -3 -3
-7 -3 -3
-6 -3 -3
-6 -3 -2
-5 -3 -2
-4 -3 -2
-4 -3 -1
-4 -3 -0
-4 -4 -0
-4 -4 1
-4 -4 2
-5 -4 2
-5 -5 2
-5 -6 2
-5 -7 2
-5 -7 3
-5 -8 3
-5 -9 3
-5 -9 2
-4 -9 2
-3 -9 2
-3 -10 2
-3 -10 1
-3 -10 -0
-2 -10 -0
-2 -10 -1
-2 -10 -2
-1 -10 -2
0 -10 -2
0 -9 -2
0 -8 -2
0 -8 -3
1 -8 -3
1 -7 -3
1 -6 -3
1 -6 -2
2 -6 -2
2 -5 -2
2 -5 -1
2 -5 -0
3 -5 -0
3 -6 -0
3 -6 1
3 -6 2
4 -6 2
5 -6 2
5 -7 2
5 -7 3
6 -7 3
7 -7 3
7 -7 2
8 -7 2
9 -7 2
9 -6 2
9 -6 1
9 -6 -0
9 -5 -0
9 -5 -1
9 -5 -2
8 -5 -2
8 -4 -2
8 -3 -2
8 -3 -3
7 -3 -3
6 -3 -3
6 -2 -3
6 -1 -3
6 -1 -2
6 0 -2
6 0 -1
6 0 -0
6 1 -0
6 1 1
6 1 2
7 1 2
8 1 2
8 2 2
8 3 2
8 3 3
9 3 3
9 4 3
9 5 3
9 5 2
9 6 2
9 6 1
